,MONTH,CURRENTBILL,PAPERBILL,MILKBILL,HOUSERENT
0,nov2023,238,210,1000,3000
1,oct2023,256,210,1000,3000
2,sep2023,254,210,1000,3000
3,aug2023,300,210,1000,3000
4,jul2023,324,210,1000,3000
5,jun2023,356,210,1000,3000
6,may2023,400,210,1000,3000
7,aprl2023,346,210,1000,3000
8,mar2023,333,210,1000,3000
9,feb2023,365,210,1000,3000
10,jan2023,234,210,1000,3000
11,dec2022,257,210,1000,3000
12,nov2022,367,210,1000,3000
13,oct2022,369,210,1000,3000
14,sep2022,259,210,1000,3000
15,aug2022,345,210,1000,3000
16,jul2022,367,210,1000,3000
17,jun2022,389,210,1000,3000
18,may2022,366,210,1000,3000
19,aprl2022,388,210,1000,3000
